{
 "cells": [
  {
   "cell_type": "code",
   "execution_count": 1,
   "metadata": {
    "collapsed": false
   },
   "outputs": [
    {
     "name": "stderr",
     "output_type": "stream",
     "text": [
      "/Users/JohnnyV/anaconda2/lib/python2.7/site-packages/matplotlib/font_manager.py:273: UserWarning: Matplotlib is building the font cache using fc-list. This may take a moment.\n",
      "  warnings.warn('Matplotlib is building the font cache using fc-list. This may take a moment.')\n"
     ]
    }
   ],
   "source": [
    "%matplotlib inline\n",
    "import pandas as pd\n",
    "import numpy as np\n",
    "import matplotlib.pyplot as plt\n",
    "import datetime\n",
    "from dateutil.relativedelta import relativedelta\n",
    "from scipy.special import expit\n",
    "from scipy.optimize import fmin, minimize\n",
    "import glob as glob\n",
    "import matplotlib\n",
    "matplotlib.style.use('ggplot')"
   ]
  },
  {
   "cell_type": "code",
   "execution_count": 2,
   "metadata": {
    "collapsed": true
   },
   "outputs": [],
   "source": [
    "def split_data(data):\n",
    "    train_mask = (data.index < \"2011\")\n",
    "    train = data[train_mask].cases\n",
    "    test_mask = (data.index > \"2011\")\n",
    "    test = data[test_mask].cases\n",
    "    return train, test"
   ]
  },
  {
   "cell_type": "code",
   "execution_count": 3,
   "metadata": {
    "collapsed": false
   },
   "outputs": [],
   "source": [
    "provinces_df = pd.read_csv(\"all-dengues.csv\")\n",
    "provinces_df.index = pd.DatetimeIndex(provinces_df.date)\n",
    "provinces_df = provinces_df.drop(['date','date.1'],axis=1)\n",
    "\n",
    "cr_dengues = provinces_df[provinces_df['จังหวัด'] == 'ChiangRai'].resample('W').size()\n",
    "cr_dengues_df = pd.DataFrame(cr_dengues,columns=['cases'])\n",
    "cr_train_test = split_data(cr_dengues_df)\n",
    "cr_dengues_train, cr_dengues_test = cr_train_test[0], cr_train_test[1]\n",
    "\n",
    "cm_dengues = provinces_df[provinces_df['จังหวัด'] == 'ChiangMai'].resample('W').size()\n",
    "cm_dengues_df = pd.DataFrame(cm_dengues,columns=['cases'])\n",
    "cm_train_test = split_data(cm_dengues_df)\n",
    "cm_dengues_train, cm_dengues_test = cm_train_test[0], cm_train_test[1]\n",
    "\n",
    "all_dengues = provinces_df.resample('W').size()\n",
    "all_dengues_df = pd.DataFrame(all_dengues,columns=['cases'])\n",
    "all_train_test = split_data(all_dengues_df)\n",
    "all_dengues_train, all_dengues_test = all_train_test[0], all_train_test[1]"
   ]
  },
  {
   "cell_type": "code",
   "execution_count": 4,
   "metadata": {
    "collapsed": false
   },
   "outputs": [],
   "source": [
    "def make_line(start_week,real,predictions,title,x_axis,y_axis,\n",
    "              real_legend='Real',predict_legend='Prediction'):\n",
    "    plt.figure(figsize=(12,6))\n",
    "    plt.plot([i for i in range(len(real))],np.array(real),'-r',label=real_legend)\n",
    "    plt.plot([i for i in range(start_week,len(real)+1)],predictions,'-k',label=predict_legend,alpha=0.4)\n",
    "    plt.axvline(start_week,label=\"prediction\")\n",
    "    plt.xlabel(x_axis)\n",
    "    plt.ylabel(y_axis)\n",
    "    plt.legend()\n",
    "    plt.title(title)"
   ]
  },
  {
   "cell_type": "code",
   "execution_count": 10,
   "metadata": {
    "collapsed": true
   },
   "outputs": [],
   "source": [
    "def guess(w,x_week,y_case):\n",
    "    def season(w,x_week):\n",
    "        pi = np.math.pi\n",
    "        coeff = pi/52. # only 1 peak per year\n",
    "        inside = (coeff*x_week) - (coeff*w[-2])\n",
    "        cosine_sq = (np.math.cos(inside))**2\n",
    "        score = cosine_sq + w[-3]\n",
    "        return expit(score)\n",
    "\n",
    "    def theta(w,y_case):\n",
    "        pad_y = np.concatenate(([1],np.array(y_case)))\n",
    "        score = np.dot(w[:-3],pad_y)\n",
    "        return expit(score)\n",
    "    \n",
    "    return np.log(theta(w,y_case) + 1e-9) + np.log(season(w,x_week) + 1e-9) + np.log(w[-1] + 1e-9)"
   ]
  },
  {
   "cell_type": "code",
   "execution_count": 11,
   "metadata": {
    "collapsed": false
   },
   "outputs": [],
   "source": [
    "def get_alphas(LAG,train,population):\n",
    "    W_CASE = LAG + 1\n",
    "    W_POP = 1\n",
    "    W_SEASON = 2\n",
    "    BETAS_SET = W_POP + W_CASE + W_SEASON # addition of ALL_WS betas\n",
    "\n",
    "    # use poison instead of least square\n",
    "    def cost(w):\n",
    "        ret = 0\n",
    "        for week_no in range(len(train)-W_CASE):\n",
    "            real_case = (train[week_no+W_CASE] + 1)\n",
    "            predicted_case = np.exp(guess(w,week_no,train[week_no:week_no+LAG]))\n",
    "            sigma_sq = real_case + 1 # assume poisson and avoid division by zero\n",
    "            ret += ((real_case - predicted_case)**2)/float(sigma_sq)\n",
    "#         print ret\n",
    "        return ret\n",
    "\n",
    "    pi = np.math.pi\n",
    "    pop_starter = population #np.log(population)\n",
    "    seasonality_starters = [0,35] #[1500.,(pi/50),(20*pi / 52.)] # [amplitude,constant,period,phase]\n",
    "#     np.random.seed(7)\n",
    "#     arr = 0.15 * np.random.random_sample(W_CASE)\n",
    "#     print arr\n",
    "#     arr = np.array([0.]*W_CASE) #  betas\n",
    "    arr = np.array(pd.read_csv('starter_ws.csv')['starter_ws'][:-1])\n",
    "    arr = np.append(arr,seasonality_starters) # 31 betas\n",
    "    arr = np.append(arr,pop_starter) # 32 betas\n",
    "#     return\n",
    "    w = minimize(cost,arr)\n",
    "    return w\n"
   ]
  },
  {
   "cell_type": "code",
   "execution_count": 12,
   "metadata": {
    "collapsed": false
   },
   "outputs": [],
   "source": [
    "# cr_w = get_alphas(10,cr_dengues_train)\n",
    "cm_w = get_alphas(26,cm_dengues_train,900.)\n",
    "# all_w = get_alphas(26,all_dengues_train,8000.)"
   ]
  },
  {
   "cell_type": "code",
   "execution_count": 9,
   "metadata": {
    "collapsed": true
   },
   "outputs": [
    {
     "data": {
      "text/plain": [
       "      fun: inf\n",
       " hess_inv: array([[1, 0, 0, 0, 0, 0, 0, 0, 0, 0, 0, 0, 0, 0, 0, 0, 0, 0, 0, 0, 0, 0,\n",
       "        0, 0, 0, 0, 0, 0, 0, 0],\n",
       "       [0, 1, 0, 0, 0, 0, 0, 0, 0, 0, 0, 0, 0, 0, 0, 0, 0, 0, 0, 0, 0, 0,\n",
       "        0, 0, 0, 0, 0, 0, 0, 0],\n",
       "       [0, 0, 1, 0, 0, 0, 0, 0, 0, 0, 0, 0, 0, 0, 0, 0, 0, 0, 0, 0, 0, 0,\n",
       "        0, 0, 0, 0, 0, 0, 0, 0],\n",
       "       [0, 0, 0, 1, 0, 0, 0, 0, 0, 0, 0, 0, 0, 0, 0, 0, 0, 0, 0, 0, 0, 0,\n",
       "        0, 0, 0, 0, 0, 0, 0, 0],\n",
       "       [0, 0, 0, 0, 1, 0, 0, 0, 0, 0, 0, 0, 0, 0, 0, 0, 0, 0, 0, 0, 0, 0,\n",
       "        0, 0, 0, 0, 0, 0, 0, 0],\n",
       "       [0, 0, 0, 0, 0, 1, 0, 0, 0, 0, 0, 0, 0, 0, 0, 0, 0, 0, 0, 0, 0, 0,\n",
       "        0, 0, 0, 0, 0, 0, 0, 0],\n",
       "       [0, 0, 0, 0, 0, 0, 1, 0, 0, 0, 0, 0, 0, 0, 0, 0, 0, 0, 0, 0, 0, 0,\n",
       "        0, 0, 0, 0, 0, 0, 0, 0],\n",
       "       [0, 0, 0, 0, 0, 0, 0, 1, 0, 0, 0, 0, 0, 0, 0, 0, 0, 0, 0, 0, 0, 0,\n",
       "        0, 0, 0, 0, 0, 0, 0, 0],\n",
       "       [0, 0, 0, 0, 0, 0, 0, 0, 1, 0, 0, 0, 0, 0, 0, 0, 0, 0, 0, 0, 0, 0,\n",
       "        0, 0, 0, 0, 0, 0, 0, 0],\n",
       "       [0, 0, 0, 0, 0, 0, 0, 0, 0, 1, 0, 0, 0, 0, 0, 0, 0, 0, 0, 0, 0, 0,\n",
       "        0, 0, 0, 0, 0, 0, 0, 0],\n",
       "       [0, 0, 0, 0, 0, 0, 0, 0, 0, 0, 1, 0, 0, 0, 0, 0, 0, 0, 0, 0, 0, 0,\n",
       "        0, 0, 0, 0, 0, 0, 0, 0],\n",
       "       [0, 0, 0, 0, 0, 0, 0, 0, 0, 0, 0, 1, 0, 0, 0, 0, 0, 0, 0, 0, 0, 0,\n",
       "        0, 0, 0, 0, 0, 0, 0, 0],\n",
       "       [0, 0, 0, 0, 0, 0, 0, 0, 0, 0, 0, 0, 1, 0, 0, 0, 0, 0, 0, 0, 0, 0,\n",
       "        0, 0, 0, 0, 0, 0, 0, 0],\n",
       "       [0, 0, 0, 0, 0, 0, 0, 0, 0, 0, 0, 0, 0, 1, 0, 0, 0, 0, 0, 0, 0, 0,\n",
       "        0, 0, 0, 0, 0, 0, 0, 0],\n",
       "       [0, 0, 0, 0, 0, 0, 0, 0, 0, 0, 0, 0, 0, 0, 1, 0, 0, 0, 0, 0, 0, 0,\n",
       "        0, 0, 0, 0, 0, 0, 0, 0],\n",
       "       [0, 0, 0, 0, 0, 0, 0, 0, 0, 0, 0, 0, 0, 0, 0, 1, 0, 0, 0, 0, 0, 0,\n",
       "        0, 0, 0, 0, 0, 0, 0, 0],\n",
       "       [0, 0, 0, 0, 0, 0, 0, 0, 0, 0, 0, 0, 0, 0, 0, 0, 1, 0, 0, 0, 0, 0,\n",
       "        0, 0, 0, 0, 0, 0, 0, 0],\n",
       "       [0, 0, 0, 0, 0, 0, 0, 0, 0, 0, 0, 0, 0, 0, 0, 0, 0, 1, 0, 0, 0, 0,\n",
       "        0, 0, 0, 0, 0, 0, 0, 0],\n",
       "       [0, 0, 0, 0, 0, 0, 0, 0, 0, 0, 0, 0, 0, 0, 0, 0, 0, 0, 1, 0, 0, 0,\n",
       "        0, 0, 0, 0, 0, 0, 0, 0],\n",
       "       [0, 0, 0, 0, 0, 0, 0, 0, 0, 0, 0, 0, 0, 0, 0, 0, 0, 0, 0, 1, 0, 0,\n",
       "        0, 0, 0, 0, 0, 0, 0, 0],\n",
       "       [0, 0, 0, 0, 0, 0, 0, 0, 0, 0, 0, 0, 0, 0, 0, 0, 0, 0, 0, 0, 1, 0,\n",
       "        0, 0, 0, 0, 0, 0, 0, 0],\n",
       "       [0, 0, 0, 0, 0, 0, 0, 0, 0, 0, 0, 0, 0, 0, 0, 0, 0, 0, 0, 0, 0, 1,\n",
       "        0, 0, 0, 0, 0, 0, 0, 0],\n",
       "       [0, 0, 0, 0, 0, 0, 0, 0, 0, 0, 0, 0, 0, 0, 0, 0, 0, 0, 0, 0, 0, 0,\n",
       "        1, 0, 0, 0, 0, 0, 0, 0],\n",
       "       [0, 0, 0, 0, 0, 0, 0, 0, 0, 0, 0, 0, 0, 0, 0, 0, 0, 0, 0, 0, 0, 0,\n",
       "        0, 1, 0, 0, 0, 0, 0, 0],\n",
       "       [0, 0, 0, 0, 0, 0, 0, 0, 0, 0, 0, 0, 0, 0, 0, 0, 0, 0, 0, 0, 0, 0,\n",
       "        0, 0, 1, 0, 0, 0, 0, 0],\n",
       "       [0, 0, 0, 0, 0, 0, 0, 0, 0, 0, 0, 0, 0, 0, 0, 0, 0, 0, 0, 0, 0, 0,\n",
       "        0, 0, 0, 1, 0, 0, 0, 0],\n",
       "       [0, 0, 0, 0, 0, 0, 0, 0, 0, 0, 0, 0, 0, 0, 0, 0, 0, 0, 0, 0, 0, 0,\n",
       "        0, 0, 0, 0, 1, 0, 0, 0],\n",
       "       [0, 0, 0, 0, 0, 0, 0, 0, 0, 0, 0, 0, 0, 0, 0, 0, 0, 0, 0, 0, 0, 0,\n",
       "        0, 0, 0, 0, 0, 1, 0, 0],\n",
       "       [0, 0, 0, 0, 0, 0, 0, 0, 0, 0, 0, 0, 0, 0, 0, 0, 0, 0, 0, 0, 0, 0,\n",
       "        0, 0, 0, 0, 0, 0, 1, 0],\n",
       "       [0, 0, 0, 0, 0, 0, 0, 0, 0, 0, 0, 0, 0, 0, 0, 0, 0, 0, 0, 0, 0, 0,\n",
       "        0, 0, 0, 0, 0, 0, 0, 1]])\n",
       "      jac: array([ nan,  nan,  nan,  nan,  nan,  nan,  nan,  nan,  nan,  nan,  nan,\n",
       "        nan,  nan,  nan,  nan,  nan,  nan,  nan,  nan,  nan,  nan,  nan,\n",
       "        nan,  nan,  nan,  nan,  nan,  nan,  nan,  nan])\n",
       "  message: 'Optimization terminated successfully.'\n",
       "     nfev: 32\n",
       "      nit: 0\n",
       "     njev: 1\n",
       "   status: 0\n",
       "  success: True\n",
       "        x: array([ -3.64822849e+00,  -4.76379376e-04,  -4.55824101e-03,\n",
       "        -4.57687816e-03,   1.61500794e-03,  -9.90464890e-04,\n",
       "        -5.99103684e-03,   1.93955591e-03,   1.28864446e-03,\n",
       "         7.90324205e-04,   4.51320501e-04,   3.19427823e-03,\n",
       "        -2.69167126e-03,  -5.85030998e-03,   7.13664975e-03,\n",
       "         2.37361567e-03,   1.52346515e-03,   3.02428840e-03,\n",
       "        -3.02094031e-03,   2.61342387e-03,  -9.76185327e-03,\n",
       "        -6.64790719e-03,  -4.51232488e-03,   7.11324481e-04,\n",
       "         9.26882799e-03,   5.01068487e-03,   2.72716379e-02,\n",
       "         0.00000000e+00,   3.50000000e+01,   9.00000000e+02])"
      ]
     },
     "execution_count": 9,
     "metadata": {},
     "output_type": "execute_result"
    }
   ],
   "source": [
    "cm_w"
   ]
  },
  {
   "cell_type": "markdown",
   "metadata": {},
   "source": [
    "## see between different starting points"
   ]
  },
  {
   "cell_type": "code",
   "execution_count": 64,
   "metadata": {
    "collapsed": true
   },
   "outputs": [],
   "source": [
    "# all_w_8000 = get_alphas(26,all_dengues_train,8000.)\n",
    "# all_w_3000 = get_alphas(26,all_dengues_train,3000.)\n",
    "# all_w_10000 = get_alphas(26,all_dengues_train,10000.)"
   ]
  },
  {
   "cell_type": "code",
   "execution_count": 67,
   "metadata": {
    "collapsed": false
   },
   "outputs": [],
   "source": [
    "# print all_w_8000.x\n",
    "# print all_w_3000.x\n",
    "# print all_w_10000.x"
   ]
  },
  {
   "cell_type": "code",
   "execution_count": null,
   "metadata": {
    "collapsed": false
   },
   "outputs": [],
   "source": []
  },
  {
   "cell_type": "code",
   "execution_count": 25,
   "metadata": {
    "collapsed": true
   },
   "outputs": [
    {
     "data": {
      "text/plain": [
       "      fun: 16851.6463076611\n",
       " hess_inv: array([[  9.99971921e-01,  -5.89918116e-04,  -5.78764662e-04,\n",
       "         -5.90862036e-04,  -6.20865374e-04,  -6.56358500e-04,\n",
       "         -6.95808789e-04,  -7.49674928e-04,  -8.17913622e-04,\n",
       "         -8.89598029e-04,  -9.47849835e-04,  -1.01000502e-03,\n",
       "         -1.05169223e-03,  -1.09787455e-03,  -1.16163540e-03,\n",
       "         -1.20024147e-03,  -1.23061698e-03,  -1.25417967e-03,\n",
       "         -1.26483569e-03,  -1.26559898e-03,  -1.25977646e-03,\n",
       "         -1.22871136e-03,  -1.21294606e-03,  -1.19520716e-03,\n",
       "         -1.20530589e-03,  -1.20799852e-03,  -1.22541865e-03,\n",
       "         -4.66135406e-05,  -6.30226300e-07,  -4.66135406e-05],\n",
       "       [ -5.89918116e-04,   9.87606302e-01,  -1.21593726e-02,\n",
       "         -1.24135286e-02,  -1.30438742e-02,  -1.37895558e-02,\n",
       "         -1.46183741e-02,  -1.57500577e-02,  -1.71836969e-02,\n",
       "         -1.86897277e-02,  -1.99135506e-02,  -2.12193803e-02,\n",
       "         -2.20951944e-02,  -2.30654473e-02,  -2.44050106e-02,\n",
       "         -2.52160926e-02,  -2.58542573e-02,  -2.63492901e-02,\n",
       "         -2.65731643e-02,  -2.65892004e-02,  -2.64668741e-02,\n",
       "         -2.58142217e-02,  -2.54830057e-02,  -2.51103258e-02,\n",
       "         -2.53224919e-02,  -2.53790619e-02,  -2.57450447e-02,\n",
       "         -9.79312402e-04,  -1.32405396e-05,  -9.79312402e-04],\n",
       "       [ -5.78764662e-04,  -1.21593726e-02,   9.88070522e-01,\n",
       "         -1.21788287e-02,  -1.27972565e-02,  -1.35288396e-02,\n",
       "         -1.43419877e-02,  -1.54522748e-02,  -1.68588085e-02,\n",
       "         -1.83363651e-02,  -1.95370494e-02,  -2.08181900e-02,\n",
       "         -2.16774453e-02,  -2.26293539e-02,  -2.39435904e-02,\n",
       "         -2.47393374e-02,  -2.53654365e-02,  -2.58511098e-02,\n",
       "         -2.60707512e-02,  -2.60864841e-02,  -2.59664707e-02,\n",
       "         -2.53261578e-02,  -2.50012040e-02,  -2.46355703e-02,\n",
       "         -2.48437250e-02,  -2.48992255e-02,  -2.52582887e-02,\n",
       "         -9.60796754e-04,  -1.29902036e-05,  -9.60796754e-04],\n",
       "       [ -5.90862036e-04,  -1.24135286e-02,  -1.21788287e-02,\n",
       "          9.87566609e-01,  -1.30647455e-02,  -1.38116203e-02,\n",
       "         -1.46417648e-02,  -1.57752591e-02,  -1.72111923e-02,\n",
       "         -1.87196329e-02,  -1.99454140e-02,  -2.12533331e-02,\n",
       "         -2.21305486e-02,  -2.31023540e-02,  -2.44440608e-02,\n",
       "         -2.52564406e-02,  -2.58956263e-02,  -2.63914512e-02,\n",
       "         -2.66156837e-02,  -2.66317454e-02,  -2.65092234e-02,\n",
       "         -2.58555267e-02,  -2.55237807e-02,  -2.51505045e-02,\n",
       "         -2.53630100e-02,  -2.54196706e-02,  -2.57862389e-02,\n",
       "         -9.80879386e-04,  -1.32617256e-05,  -9.80879386e-04],\n",
       "       [ -6.20865374e-04,  -1.30438742e-02,  -1.27972565e-02,\n",
       "         -1.30647455e-02,   9.86271841e-01,  -1.45129595e-02,\n",
       "         -1.53852578e-02,  -1.65763098e-02,  -1.80851581e-02,\n",
       "         -1.96701957e-02,  -2.09582206e-02,  -2.23325545e-02,\n",
       "         -2.32543140e-02,  -2.42754667e-02,  -2.56853039e-02,\n",
       "         -2.65389354e-02,  -2.72105784e-02,  -2.77315807e-02,\n",
       "         -2.79671994e-02,  -2.79840768e-02,  -2.78553333e-02,\n",
       "         -2.71684425e-02,  -2.68198508e-02,  -2.64276200e-02,\n",
       "         -2.66509164e-02,  -2.67104541e-02,  -2.70956364e-02,\n",
       "         -1.03068739e-03,  -1.39351418e-05,  -1.03068739e-03],\n",
       "       [ -6.56358500e-04,  -1.37895558e-02,  -1.35288396e-02,\n",
       "         -1.38116203e-02,  -1.45129595e-02,   9.84657375e-01,\n",
       "         -1.62647897e-02,  -1.75239308e-02,  -1.91190357e-02,\n",
       "         -2.07946854e-02,  -2.21563431e-02,  -2.36092437e-02,\n",
       "         -2.45836977e-02,  -2.56632268e-02,  -2.71536604e-02,\n",
       "         -2.80560917e-02,  -2.87661305e-02,  -2.93169171e-02,\n",
       "         -2.95660055e-02,  -2.95838477e-02,  -2.94477442e-02,\n",
       "         -2.87215859e-02,  -2.83530662e-02,  -2.79384127e-02,\n",
       "         -2.81744742e-02,  -2.82374156e-02,  -2.86446177e-02,\n",
       "         -1.08960888e-03,  -1.47317746e-05,  -1.08960888e-03],\n",
       "       [ -6.95808789e-04,  -1.46183741e-02,  -1.43419877e-02,\n",
       "         -1.46417648e-02,  -1.53852578e-02,  -1.62647897e-02,\n",
       "          9.82757619e-01,  -1.85772030e-02,  -2.02681813e-02,\n",
       "         -2.20445456e-02,  -2.34880454e-02,  -2.50282724e-02,\n",
       "         -2.60612957e-02,  -2.72057096e-02,  -2.87857254e-02,\n",
       "         -2.97423972e-02,  -3.04951128e-02,  -3.10790043e-02,\n",
       "         -3.13430640e-02,  -3.13619786e-02,  -3.12176947e-02,\n",
       "         -3.04478907e-02,  -3.00572213e-02,  -2.96176451e-02,\n",
       "         -2.98678951e-02,  -2.99346195e-02,  -3.03662964e-02,\n",
       "         -1.15509959e-03,  -1.56172248e-05,  -1.15509959e-03],\n",
       "       [ -7.49674928e-04,  -1.57500577e-02,  -1.54522748e-02,\n",
       "         -1.57752591e-02,  -1.65763098e-02,  -1.75239308e-02,\n",
       "         -1.85772030e-02,   9.79984640e-01,  -2.18372455e-02,\n",
       "         -2.37511273e-02,  -2.53063759e-02,  -2.69658397e-02,\n",
       "         -2.80788347e-02,  -2.93118436e-02,  -3.10141766e-02,\n",
       "         -3.20449092e-02,  -3.28558964e-02,  -3.34849899e-02,\n",
       "         -3.37694919e-02,  -3.37898707e-02,  -3.36344171e-02,\n",
       "         -3.28050186e-02,  -3.23841054e-02,  -3.19104994e-02,\n",
       "         -3.21801226e-02,  -3.22520124e-02,  -3.27171076e-02,\n",
       "         -1.24452180e-03,  -1.68262346e-05,  -1.24452180e-03],\n",
       "       [ -8.17913622e-04,  -1.71836969e-02,  -1.68588085e-02,\n",
       "         -1.72111923e-02,  -1.80851581e-02,  -1.91190357e-02,\n",
       "         -2.02681813e-02,  -2.18372455e-02,   9.76175033e-01,\n",
       "         -2.59130589e-02,  -2.76098730e-02,  -2.94203885e-02,\n",
       "         -3.06346932e-02,  -3.19799359e-02,  -3.38372227e-02,\n",
       "         -3.49617771e-02,  -3.58465839e-02,  -3.65329403e-02,\n",
       "         -3.68433389e-02,  -3.68655727e-02,  -3.66959690e-02,\n",
       "         -3.57910751e-02,  -3.53318485e-02,  -3.48151328e-02,\n",
       "         -3.51092982e-02,  -3.51877318e-02,  -3.56951620e-02,\n",
       "         -1.35780362e-03,  -1.83578321e-05,  -1.35780362e-03],\n",
       "       [ -8.89598029e-04,  -1.86897277e-02,  -1.83363651e-02,\n",
       "         -1.87196329e-02,  -1.96701957e-02,  -2.07946854e-02,\n",
       "         -2.20445456e-02,  -2.37511273e-02,  -2.59130589e-02,\n",
       "          9.71815843e-01,  -3.00296852e-02,  -3.19988797e-02,\n",
       "         -3.33196097e-02,  -3.47827536e-02,  -3.68028185e-02,\n",
       "         -3.80259323e-02,  -3.89882862e-02,  -3.97347969e-02,\n",
       "         -4.00723998e-02,  -4.00965822e-02,  -3.99121140e-02,\n",
       "         -3.89279124e-02,  -3.84284378e-02,  -3.78664356e-02,\n",
       "         -3.81863826e-02,  -3.82716903e-02,  -3.88235933e-02,\n",
       "         -1.47680561e-03,  -1.99667676e-05,  -1.47680561e-03],\n",
       "       [ -9.47849835e-04,  -1.99135506e-02,  -1.95370494e-02,\n",
       "         -1.99454140e-02,  -2.09582206e-02,  -2.21563431e-02,\n",
       "         -2.34880454e-02,  -2.53063759e-02,  -2.76098730e-02,\n",
       "         -3.00296852e-02,   9.68003940e-01,  -3.40941998e-02,\n",
       "         -3.55014125e-02,  -3.70603645e-02,  -3.92127055e-02,\n",
       "         -4.05159100e-02,  -4.15412798e-02,  -4.23366728e-02,\n",
       "         -4.26963823e-02,  -4.27221483e-02,  -4.25256008e-02,\n",
       "         -4.14769527e-02,  -4.09447720e-02,  -4.03459692e-02,\n",
       "         -4.06868667e-02,  -4.07777605e-02,  -4.13658026e-02,\n",
       "         -1.57350838e-03,  -2.12742124e-05,  -1.57350838e-03],\n",
       "       [ -1.01000502e-03,  -2.12193803e-02,  -2.08181900e-02,\n",
       "         -2.12533331e-02,  -2.23325545e-02,  -2.36092437e-02,\n",
       "         -2.50282724e-02,  -2.69658397e-02,  -2.94203885e-02,\n",
       "         -3.19988797e-02,  -3.40941998e-02,   9.63670075e-01,\n",
       "         -3.78294151e-02,  -3.94905953e-02,  -4.17840759e-02,\n",
       "         -4.31727379e-02,  -4.42653463e-02,  -4.51128972e-02,\n",
       "         -4.54961946e-02,  -4.55236502e-02,  -4.53142141e-02,\n",
       "         -4.41968009e-02,  -4.36297226e-02,  -4.29916533e-02,\n",
       "         -4.33549051e-02,  -4.34517593e-02,  -4.40783622e-02,\n",
       "         -1.67669108e-03,  -2.26692674e-05,  -1.67669108e-03],\n",
       "       [ -1.05169223e-03,  -2.20951944e-02,  -2.16774453e-02,\n",
       "         -2.21305486e-02,  -2.32543140e-02,  -2.45836977e-02,\n",
       "         -2.60612957e-02,  -2.80788347e-02,  -3.06346932e-02,\n",
       "         -3.33196097e-02,  -3.55014125e-02,  -3.78294151e-02,\n",
       "          9.60609204e-01,  -4.11205403e-02,  -4.35086825e-02,\n",
       "         -4.49546606e-02,  -4.60923656e-02,  -4.69748985e-02,\n",
       "         -4.73740162e-02,  -4.74026049e-02,  -4.71845246e-02,\n",
       "         -4.60209910e-02,  -4.54305069e-02,  -4.47661019e-02,\n",
       "         -4.51443466e-02,  -4.52451983e-02,  -4.58976638e-02,\n",
       "         -1.74589526e-03,  -2.36049245e-05,  -1.74589526e-03],\n",
       "       [ -1.09787455e-03,  -2.30654473e-02,  -2.26293539e-02,\n",
       "         -2.31023540e-02,  -2.42754667e-02,  -2.56632268e-02,\n",
       "         -2.72057096e-02,  -2.93118436e-02,  -3.19799359e-02,\n",
       "         -3.47827536e-02,  -3.70603645e-02,  -3.94905953e-02,\n",
       "         -4.11205403e-02,   9.57073758e-01,  -4.54192530e-02,\n",
       "         -4.69287274e-02,  -4.81163917e-02,  -4.90376788e-02,\n",
       "         -4.94543227e-02,  -4.94841669e-02,  -4.92565101e-02,\n",
       "         -4.80418830e-02,  -4.74254693e-02,  -4.67318886e-02,\n",
       "         -4.71267430e-02,  -4.72320233e-02,  -4.79131402e-02,\n",
       "         -1.82256170e-03,  -2.46414733e-05,  -1.82256170e-03],\n",
       "       [ -1.16163540e-03,  -2.44050106e-02,  -2.39435904e-02,\n",
       "         -2.44440608e-02,  -2.56853039e-02,  -2.71536604e-02,\n",
       "         -2.87857254e-02,  -3.10141766e-02,  -3.38372227e-02,\n",
       "         -3.68028185e-02,  -3.92127055e-02,  -4.17840759e-02,\n",
       "         -4.35086825e-02,  -4.54192530e-02,   9.51942950e-01,\n",
       "         -4.96541895e-02,  -5.09108294e-02,  -5.18856217e-02,\n",
       "         -5.23264629e-02,  -5.23580403e-02,  -5.21171620e-02,\n",
       "         -5.08319934e-02,  -5.01797805e-02,  -4.94459190e-02,\n",
       "         -4.98637052e-02,  -4.99750999e-02,  -5.06957737e-02,\n",
       "         -1.92840994e-03,  -2.60725669e-05,  -1.92840994e-03],\n",
       "       [ -1.20024147e-03,  -2.52160926e-02,  -2.47393374e-02,\n",
       "         -2.52564406e-02,  -2.65389354e-02,  -2.80560917e-02,\n",
       "         -2.97423972e-02,  -3.20449092e-02,  -3.49617771e-02,\n",
       "         -3.80259323e-02,  -4.05159100e-02,  -4.31727379e-02,\n",
       "         -4.49546606e-02,  -4.69287274e-02,  -4.96541895e-02,\n",
       "          9.48695591e-01,  -5.26028122e-02,  -5.36100010e-02,\n",
       "         -5.40654932e-02,  -5.40981200e-02,  -5.38492363e-02,\n",
       "         -5.25213561e-02,  -5.18474674e-02,  -5.10892166e-02,\n",
       "         -5.15208876e-02,  -5.16359844e-02,  -5.23806093e-02,\n",
       "         -1.99249918e-03,  -2.69390689e-05,  -1.99249918e-03],\n",
       "       [ -1.23061698e-03,  -2.58542573e-02,  -2.53654365e-02,\n",
       "         -2.58956263e-02,  -2.72105784e-02,  -2.87661305e-02,\n",
       "         -3.04951128e-02,  -3.28558964e-02,  -3.58465839e-02,\n",
       "         -3.89882862e-02,  -4.15412798e-02,  -4.42653463e-02,\n",
       "         -4.60923656e-02,  -4.81163917e-02,  -5.09108294e-02,\n",
       "         -5.26028122e-02,   9.46065925e-01,  -5.49667539e-02,\n",
       "         -5.54337736e-02,  -5.54672262e-02,  -5.52120437e-02,\n",
       "         -5.38505578e-02,  -5.31596145e-02,  -5.23821739e-02,\n",
       "         -5.28247696e-02,  -5.29427792e-02,  -5.37062489e-02,\n",
       "         -2.04292501e-03,  -2.76208383e-05,  -2.04292501e-03],\n",
       "       [ -1.25417967e-03,  -2.63492901e-02,  -2.58511098e-02,\n",
       "         -2.63914512e-02,  -2.77315807e-02,  -2.93169171e-02,\n",
       "         -3.10790043e-02,  -3.34849899e-02,  -3.65329403e-02,\n",
       "         -3.97347969e-02,  -4.23366728e-02,  -4.51128972e-02,\n",
       "         -4.69748985e-02,  -4.90376788e-02,  -5.18856217e-02,\n",
       "         -5.36100010e-02,  -5.49667539e-02,   9.43980795e-01,\n",
       "         -5.64951669e-02,  -5.65292600e-02,  -5.62691916e-02,\n",
       "         -5.48816372e-02,  -5.41774643e-02,  -5.33851381e-02,\n",
       "         -5.38362082e-02,  -5.39564774e-02,  -5.47345653e-02,\n",
       "         -2.08204100e-03,  -2.81496960e-05,  -2.08204100e-03],\n",
       "       [ -1.26483569e-03,  -2.65731643e-02,  -2.60707512e-02,\n",
       "         -2.66156837e-02,  -2.79671994e-02,  -2.95660055e-02,\n",
       "         -3.13430640e-02,  -3.37694919e-02,  -3.68433389e-02,\n",
       "         -4.00723998e-02,  -4.26963823e-02,  -4.54961946e-02,\n",
       "         -4.73740162e-02,  -4.94543227e-02,  -5.23264629e-02,\n",
       "         -5.40654932e-02,  -5.54337736e-02,  -5.64951669e-02,\n",
       "          9.43024827e-01,  -5.70095555e-02,  -5.67472774e-02,\n",
       "         -5.53479338e-02,  -5.46377780e-02,  -5.38387198e-02,\n",
       "         -5.42936223e-02,  -5.44149134e-02,  -5.51996122e-02,\n",
       "         -2.09973086e-03,  -2.83888672e-05,  -2.09973086e-03],\n",
       "       [ -1.26559898e-03,  -2.65892004e-02,  -2.60864841e-02,\n",
       "         -2.66317454e-02,  -2.79840768e-02,  -2.95838477e-02,\n",
       "         -3.13619786e-02,  -3.37898707e-02,  -3.68655727e-02,\n",
       "         -4.00965822e-02,  -4.27221483e-02,  -4.55236502e-02,\n",
       "         -4.74026049e-02,  -4.94841669e-02,  -5.23580403e-02,\n",
       "         -5.40981200e-02,  -5.54672262e-02,  -5.65292600e-02,\n",
       "         -5.70095555e-02,   9.42956041e-01,  -5.67815226e-02,\n",
       "         -5.53813346e-02,  -5.46707502e-02,  -5.38712098e-02,\n",
       "         -5.43263869e-02,  -5.44477511e-02,  -5.52329235e-02,\n",
       "         -2.10099799e-03,  -2.84059990e-05,  -2.10099799e-03],\n",
       "       [ -1.25977646e-03,  -2.64668741e-02,  -2.59664707e-02,\n",
       "         -2.65092234e-02,  -2.78553333e-02,  -2.94477442e-02,\n",
       "         -3.12176947e-02,  -3.36344171e-02,  -3.66959690e-02,\n",
       "         -3.99121140e-02,  -4.25256008e-02,  -4.53142141e-02,\n",
       "         -4.71845246e-02,  -4.92565101e-02,  -5.21171620e-02,\n",
       "         -5.38492363e-02,  -5.52120437e-02,  -5.62691916e-02,\n",
       "         -5.67472774e-02,  -5.67815226e-02,   9.43479706e-01,\n",
       "         -5.51265472e-02,  -5.44192320e-02,  -5.36233700e-02,\n",
       "         -5.40764529e-02,  -5.41972588e-02,  -5.49788190e-02,\n",
       "         -2.09133214e-03,  -2.82753143e-05,  -2.09133214e-03],\n",
       "       [ -1.22871136e-03,  -2.58142217e-02,  -2.53261578e-02,\n",
       "         -2.58555267e-02,  -2.71684425e-02,  -2.87215859e-02,\n",
       "         -3.04478907e-02,  -3.28050186e-02,  -3.57910751e-02,\n",
       "         -3.89279124e-02,  -4.14769527e-02,  -4.41968009e-02,\n",
       "         -4.60209910e-02,  -4.80418830e-02,  -5.08319934e-02,\n",
       "         -5.25213561e-02,  -5.38505578e-02,  -5.48816372e-02,\n",
       "         -5.53479338e-02,  -5.53813346e-02,  -5.51265472e-02,\n",
       "          9.46232830e-01,  -5.30772962e-02,  -5.23010595e-02,\n",
       "         -5.27429698e-02,  -5.28607967e-02,  -5.36230842e-02,\n",
       "         -2.03976152e-03,  -2.75780672e-05,  -2.03976152e-03],\n",
       "       [ -1.21294606e-03,  -2.54830057e-02,  -2.50012040e-02,\n",
       "         -2.55237807e-02,  -2.68198508e-02,  -2.83530662e-02,\n",
       "         -3.00572213e-02,  -3.23841054e-02,  -3.53318485e-02,\n",
       "         -3.84284378e-02,  -4.09447720e-02,  -4.36297226e-02,\n",
       "         -4.54305069e-02,  -4.74254693e-02,  -5.01797805e-02,\n",
       "         -5.18474674e-02,  -5.31596145e-02,  -5.41774643e-02,\n",
       "         -5.46377780e-02,  -5.46707502e-02,  -5.44192320e-02,\n",
       "         -5.30772962e-02,   9.47603726e-01,  -5.16299974e-02,\n",
       "         -5.20662376e-02,  -5.21825528e-02,  -5.29350595e-02,\n",
       "         -2.01358984e-03,  -2.72242197e-05,  -2.01358984e-03],\n",
       "       [ -1.19520716e-03,  -2.51103258e-02,  -2.46355703e-02,\n",
       "         -2.51505045e-02,  -2.64276200e-02,  -2.79384127e-02,\n",
       "         -2.96176451e-02,  -3.19104994e-02,  -3.48151328e-02,\n",
       "         -3.78664356e-02,  -4.03459692e-02,  -4.29916533e-02,\n",
       "         -4.47661019e-02,  -4.67318886e-02,  -4.94459190e-02,\n",
       "         -5.10892166e-02,  -5.23821739e-02,  -5.33851381e-02,\n",
       "         -5.38387198e-02,  -5.38712098e-02,  -5.36233700e-02,\n",
       "         -5.23010595e-02,  -5.16299974e-02,   9.49125073e-01,\n",
       "         -5.13047874e-02,  -5.14194014e-02,  -5.21609030e-02,\n",
       "         -1.98414180e-03,  -2.68260752e-05,  -1.98414180e-03],\n",
       "       [ -1.20530589e-03,  -2.53224919e-02,  -2.48437250e-02,\n",
       "         -2.53630100e-02,  -2.66509164e-02,  -2.81744742e-02,\n",
       "         -2.98678951e-02,  -3.21801226e-02,  -3.51092982e-02,\n",
       "         -3.81863826e-02,  -4.06868667e-02,  -4.33549051e-02,\n",
       "         -4.51443466e-02,  -4.71267430e-02,  -4.98637052e-02,\n",
       "         -5.15208876e-02,  -5.28247696e-02,  -5.38362082e-02,\n",
       "         -5.42936223e-02,  -5.43263869e-02,  -5.40764529e-02,\n",
       "         -5.27429698e-02,  -5.20662376e-02,  -5.13047874e-02,\n",
       "          9.48261720e-01,  -5.18538623e-02,  -5.26016291e-02,\n",
       "         -2.00090652e-03,  -2.70527382e-05,  -2.00090652e-03],\n",
       "       [ -1.20799852e-03,  -2.53790619e-02,  -2.48992255e-02,\n",
       "         -2.54196706e-02,  -2.67104541e-02,  -2.82374156e-02,\n",
       "         -2.99346195e-02,  -3.22520124e-02,  -3.51877318e-02,\n",
       "         -3.82716903e-02,  -4.07777605e-02,  -4.34517593e-02,\n",
       "         -4.52451983e-02,  -4.72320233e-02,  -4.99750999e-02,\n",
       "         -5.16359844e-02,  -5.29427792e-02,  -5.39564774e-02,\n",
       "         -5.44149134e-02,  -5.44477511e-02,  -5.41972588e-02,\n",
       "         -5.28607967e-02,  -5.21825528e-02,  -5.14194014e-02,\n",
       "         -5.18538623e-02,   9.48030297e-01,  -5.27191402e-02,\n",
       "         -2.00537651e-03,  -2.71131736e-05,  -2.00537651e-03],\n",
       "       [ -1.22541865e-03,  -2.57450447e-02,  -2.52582887e-02,\n",
       "         -2.57862389e-02,  -2.70956364e-02,  -2.86446177e-02,\n",
       "         -3.03662964e-02,  -3.27171076e-02,  -3.56951620e-02,\n",
       "         -3.88235933e-02,  -4.13658026e-02,  -4.40783622e-02,\n",
       "         -4.58976638e-02,  -4.79131402e-02,  -5.06957737e-02,\n",
       "         -5.23806093e-02,  -5.37062489e-02,  -5.47345653e-02,\n",
       "         -5.51996122e-02,  -5.52329235e-02,  -5.49788190e-02,\n",
       "         -5.36230842e-02,  -5.29350595e-02,  -5.21609030e-02,\n",
       "         -5.26016291e-02,  -5.27191402e-02,   9.46520615e-01,\n",
       "         -2.03429536e-03,  -2.75041634e-05,  -2.03429536e-03],\n",
       "       [ -4.66135406e-05,  -9.79312402e-04,  -9.60796754e-04,\n",
       "         -9.80879386e-04,  -1.03068739e-03,  -1.08960888e-03,\n",
       "         -1.15509959e-03,  -1.24452180e-03,  -1.35780362e-03,\n",
       "         -1.47680561e-03,  -1.57350838e-03,  -1.67669108e-03,\n",
       "         -1.74589526e-03,  -1.82256170e-03,  -1.92840994e-03,\n",
       "         -1.99249918e-03,  -2.04292501e-03,  -2.08204100e-03,\n",
       "         -2.09973086e-03,  -2.10099799e-03,  -2.09133214e-03,\n",
       "         -2.03976152e-03,  -2.01358984e-03,  -1.98414180e-03,\n",
       "         -2.00090652e-03,  -2.00537651e-03,  -2.03429536e-03,\n",
       "          9.99922618e-01,  -1.04622729e-06,  -7.73822963e-05],\n",
       "       [ -6.30226300e-07,  -1.32405396e-05,  -1.29902036e-05,\n",
       "         -1.32617256e-05,  -1.39351418e-05,  -1.47317746e-05,\n",
       "         -1.56172248e-05,  -1.68262346e-05,  -1.83578321e-05,\n",
       "         -1.99667676e-05,  -2.12742124e-05,  -2.26692674e-05,\n",
       "         -2.36049245e-05,  -2.46414733e-05,  -2.60725669e-05,\n",
       "         -2.69390689e-05,  -2.76208383e-05,  -2.81496960e-05,\n",
       "         -2.83888672e-05,  -2.84059990e-05,  -2.82753143e-05,\n",
       "         -2.75780672e-05,  -2.72242197e-05,  -2.68260752e-05,\n",
       "         -2.70527382e-05,  -2.71131736e-05,  -2.75041634e-05,\n",
       "         -1.04622729e-06,   9.99999986e-01,  -1.04622729e-06],\n",
       "       [ -4.66135406e-05,  -9.79312402e-04,  -9.60796754e-04,\n",
       "         -9.80879386e-04,  -1.03068739e-03,  -1.08960888e-03,\n",
       "         -1.15509959e-03,  -1.24452180e-03,  -1.35780362e-03,\n",
       "         -1.47680561e-03,  -1.57350838e-03,  -1.67669108e-03,\n",
       "         -1.74589526e-03,  -1.82256170e-03,  -1.92840994e-03,\n",
       "         -1.99249918e-03,  -2.04292501e-03,  -2.08204100e-03,\n",
       "         -2.09973086e-03,  -2.10099799e-03,  -2.09133214e-03,\n",
       "         -2.03976152e-03,  -2.01358984e-03,  -1.98414180e-03,\n",
       "         -2.00090652e-03,  -2.00537651e-03,  -2.03429536e-03,\n",
       "         -7.73822963e-05,  -1.04622729e-06,   9.99922618e-01]])\n",
       "      jac: array([ 0.,  0.,  0.,  0.,  0.,  0.,  0.,  0.,  0.,  0.,  0.,  0.,  0.,\n",
       "        0.,  0.,  0.,  0.,  0.,  0.,  0.,  0.,  0.,  0.,  0.,  0.,  0.,\n",
       "        0.,  0.,  0.,  0.])\n",
       "  message: 'Optimization terminated successfully.'\n",
       "     nfev: 416\n",
       "      nit: 2\n",
       "     njev: 13\n",
       "   status: 0\n",
       "  success: True\n",
       "        x: array([-23.72929329, -66.10996899, -77.39420747, -78.61338797,\n",
       "       -77.13873078, -51.33157336, -26.78238105, -54.97369739,\n",
       "       -43.93781493,  -5.65299375,  17.95498971,  22.75698431,\n",
       "        16.95323542,  22.31858128,  27.5782614 ,  24.76244686,\n",
       "         8.83318496,  10.08965714,  14.51161908,   0.61334575,\n",
       "        14.77264615,  25.87527428,  30.3100581 ,  24.53387595,\n",
       "         7.50374768,   5.09498798,  -7.12170018,  -9.60607819,\n",
       "        34.01471877, -12.92146646])"
      ]
     },
     "execution_count": 25,
     "metadata": {},
     "output_type": "execute_result"
    }
   ],
   "source": [
    "cm_w\n",
    "# all_w"
   ]
  },
  {
   "cell_type": "code",
   "execution_count": 15,
   "metadata": {
    "collapsed": false
   },
   "outputs": [],
   "source": [
    "# starter_ws_df = pd.DataFrame(cm_w.x,columns=['starter_ws'])\n",
    "# starter_ws_df.to_csv('starter_ws.csv')"
   ]
  },
  {
   "cell_type": "code",
   "execution_count": 85,
   "metadata": {
    "collapsed": false,
    "scrolled": true
   },
   "outputs": [],
   "source": [
    "# nweek_to_predict = [1,2,4,8,12]\n",
    "\n",
    "def plot_prediction(LAG,real,ws,nweek_to_predict=[1,2,4,8,12]):\n",
    "\n",
    "    NWEEKS = LAG\n",
    "    def n_week_ahead(array_x,weeks_ahead):\n",
    "\n",
    "        theta = 0\n",
    "        arr = np.array(array_x)\n",
    "        for week_no in range(weeks_ahead):\n",
    "            theta = np.exp(guess(ws,week_no,arr))\n",
    "            arr = np.append(arr[1:],theta)\n",
    "        return theta\n",
    "\n",
    "    for i in nweek_to_predict:\n",
    "        N = NWEEKS + (i - 1)\n",
    "        predictions = []\n",
    "        for j in range(len(real)-N):\n",
    "            initial_arr = real[j:j+NWEEKS]\n",
    "            predictions.append(n_week_ahead(initial_arr,i))\n",
    "#         return predictions\n",
    "\n",
    "        title = 'Dengue Prediction %d lags: %d weeks ahead'%(NWEEKS,i)\n",
    "        make_line(NWEEKS+i,real,predictions,title,\"# week starting 2011\",\"cases\")"
   ]
  },
  {
   "cell_type": "code",
   "execution_count": 84,
   "metadata": {
    "collapsed": true
   },
   "outputs": [
    {
     "data": {
